408165b23ec4d33fe90db58354b24aff9b0408c6c36460d1c9faadb76ffed515
883b4c3bca97e267b2367d500c2d233f379786820e5118295cd1f31741702ddd
6b9352ede0f2f8ecddf230284c73965779e81f231d6de7b286b092d181d1ccae
24dd3cbd5bc5ff432e3dd5eb01a06e48c4ab2f8957044ca8d7e4b1f7e96394c4
b1cf88fb6ae560a1530605d19446e3e251008010f89c1588a688fe6692f04fad
d9cc8dee7ffac71a8848c494013d0d27f17d57b0968a89ff2bdbf1fd24074678
126f421c8bd02acbda22e883fb5e2fad49afbd2febdad2d0f0a774d90e59ff71
8c0494d40284ebbaeaf38909111c32c41a340b139d9bd17c48349c175a214cf0
0000000000000000000000000000000000000000000000000000000000000000
0000000000000000000000000000000000000000000000000000000000000000
0000000000000000000000000000000000000000000000000000000000000000
0000000000000000000000000000000000000000000000000000000000000000
0000000000000000000000000000000000000000000000000000000000000000
0000000000000000000000000000000000000000000000000000000000000000
0000000000000000000000000000000000000000000000000000000000000000
0000000000000000000000000000000000000000000000000000000000000000
0000000000000000000000000000000000000000000000000000000000000000
0000000000000000000000000000000000000000000000000000000000000000
0000000000000000000000000000000000000000000000000000000000000000
0000000000000000000000000000000000000000000000000000000000000000
0000000000000000000000000000000000000000000000000000000000000000
0000000000000000000000000000000000000000000000000000000000000000
0000000000000000000000000000000000000000000000000000000000000000
0000000000000000000000000000000000000000000000000000000000000000
0000000000000000000000000000000000000000000000000000000000000000
0000000000000000000000000000000000000000000000000000000000000000
0000000000000000000000000000000000000000000000000000000000000000
0000000000000000000000000000000000000000000000000000000000000000
0000000000000000000000000000000000000000000000000000000000000000
0000000000000000000000000000000000000000000000000000000000000000
0000000000000000000000000000000000000000000000000000000000000000
0000000000000000000000000000000000000000000000000000000000000000